14.194  22.866  30.321  14.050  18.953  
34.556  17.356  11.119  23.311  19.338  
19.474  17.959  11.363  22.693  24.989  
18.258  26.383  24.294  22.279  16.712  
13.114  22.303  24.004  20.841  25.980  
30.718  10.905  25.773  18.828  34.873  
31.796  22.749  32.570  18.800  18.786  
32.706  33.362  11.819  32.498  15.358  
14.374  24.456  11.072  23.116  19.644  
26.175  21.634  18.121  30.345  15.573  
27.993  22.446  26.038  27.068  12.299  
14.113  15.512  20.453  34.527  34.052  
12.765  31.261  30.085  18.336  34.313  
27.300  16.135  21.094  16.595  19.707  
21.563  25.055  35.512  26.911  13.339  
30.087  30.279  15.400  35.804  28.905  
33.274  30.586  30.431  32.701  35.185  
27.949  16.024  34.112  35.978  35.876  
19.122  21.434  31.870  15.827  15.221  
27.951  11.185  15.045  21.371  15.791  
27.474  25.709  25.546  16.288  13.312  
13.843  27.799  11.771  26.509  29.563  
28.775  24.227  35.298  31.583  20.996  
28.697  14.078  16.900  31.554  10.874  
17.513  32.411  35.957  23.709  24.379  
27.559  30.230  19.430  31.950  22.681  
26.144  16.274  26.385  26.254  31.906  
22.448  35.028  35.147  19.181  12.030  
19.540  35.713  17.450  15.954  15.899  
12.820  24.848  20.229  31.044  25.185  
33.621  30.346  24.331  14.143  34.632  
17.285  32.338  32.997  26.474  23.523  
17.137  14.969  22.644  19.281  30.645  
20.422  21.965  18.712  16.923  18.558  
25.272  31.867  30.831  28.461  27.143  
20.845  25.437  25.243  34.584  30.108  
30.397  18.999  31.290  14.426  13.030  
13.837  29.532  24.870  19.418  24.100  
23.038  10.878  34.289  18.589  11.494  
16.662  23.672  32.356  17.408  17.734  
12.152  23.774  28.564  31.885  13.063  
16.480  26.321  26.669  34.574  28.972  
31.992  15.950  29.435  31.380  24.887  
19.885  25.469  34.407  22.669  31.604  
21.769  23.450  12.156  30.978  26.195  
33.123  16.366  21.142  10.895  21.923  
16.677  29.623  33.702  31.938  30.616  
18.220  18.324  10.802  24.261  32.472  
30.365  13.529  24.020  14.370  18.569  
13.945  30.199  29.808  23.275  12.778  
24.474  14.688  14.070  27.757  32.798  
15.113  18.987  11.838  30.525  34.010  
23.802  33.003  22.640  29.736  29.061  
22.611  12.672  30.441  14.191  27.501  
29.538  13.659  28.530  19.093  21.719  
17.237  17.406  10.807  35.947  14.670  
27.228  32.507  32.782  19.783  10.957  
16.536  26.776  29.910  26.490  10.841  
19.028  12.244  20.105  16.024  22.899  
32.798  15.547  16.464  15.508  21.812  
13.596  32.988  21.461  22.576  16.380  
20.256  29.895  26.437  30.429  11.705  
24.237  27.666  16.152  36.131  35.036  
22.790  21.627  35.551  35.157  34.849  
18.171  21.904  23.420  21.467  31.194  
35.109  24.291  18.270  25.074  29.265  
11.352  28.040  34.077  10.956  32.787  
11.734  23.867  31.873  29.149  27.670  
30.352  22.173  16.935  28.565  16.257  
19.439  28.046  26.571  16.174  28.015  
25.347  32.105  26.038  17.241  32.671  
23.163  29.037  30.014  33.382  30.119  
15.299  18.680  20.596  36.080  14.267  
17.568  33.493  32.943  16.850  25.126  
21.470  31.054  22.221  27.324  35.240  
32.814  33.393  29.267  14.500  20.700  
19.979  13.708  30.712  26.392  17.823  
29.460  11.356  33.593  23.206  11.896  
13.076  20.861  32.591  19.748  17.551  
20.800  32.778  27.239  20.697  16.161  
27.814  20.905  14.361  31.076  34.162  
31.867  18.814  22.094  12.875  22.241  
22.998  29.127  24.338  11.292  27.541  
17.667  20.293  33.031  11.770  11.784  
13.966  25.249  29.392  20.483  17.954  
30.347  31.443  25.301  20.681  32.100  
13.498  24.533  31.880  28.957  21.044  
27.617  20.183  34.623  23.610  19.523  
25.707  11.110  16.387  24.965  17.685  
13.308  15.765  21.816  14.497  34.124  
27.793  14.782  34.326  19.453  18.684  
31.317  11.499  12.267  33.553  22.032  
20.737  12.682  14.284  28.020  31.500  
13.126  29.886  23.766  19.604  32.682  
30.861  30.444  15.701  13.453  20.631  
12.954  26.563  29.994  34.115  19.064  
21.483  35.968  23.218  19.078  30.781  
25.116  21.739  16.474  13.227  18.017  
16.453  31.734  19.993  22.131  27.395  
18.888  10.966  27.229  21.868  35.518  
